0
0
0
0
0
0
0
0
0
0
0
0
0
0
0
0
0
0
0
0
0
0
0
0
0
0
0
0
0
0
0
0
0
0
0
0
0
0
0
0
0
0
0
0
0
0
0
0
0
0
0
0
0
0
0
0
0
0
0
0
0
0
0
0
0
0
0
0
0
0
0
0
0
0
0
0
0
0
0
0
0
0
0
0
0
0
0
0
0
0
0
0
0
0
0
0
0
0
0
0
0
0
0
0
0
0
0
0
0
0
0
0
0
0
0
0
0
0
0
0
0
0
0
0
0
0
0
0
0
0
0
0
0
0
0
0
0
0
0
0
0
0
0
0
0
0
0
0
0
0
0
0
0
0
0
0
0
0
0
0
0
0
0
0
0
0
0
0
0
0
0
0
0
0
0
0
0
0
0
0
0
0
0
0
0
0
0
0
0
0
0
0
0
0
0
0
0
0
0
0
0
0
0
0
0
0
0
0
0
0
0
0
0
0
0
0
0
0
0
0
0
0
0
0
0
0
0
0
0
0
0
0
0
0
0
0
0
0
0
0
0
0
0
0
0
0
0
0
0
0
0
0
0
0
0
0
0
0
0
0
0
0
0
0
0
0
0
0
0
0
0
0
0
0
0
0
0
0
0
0
0
0
0
0
0
0
0
0
0
0
0
0
0
0
0
0
0
0
0
0
0
0
0
0
0
0
0
0
0
0
0
0
0
0
0
0
0
0
0
0
0
0
0
0
0
0
0
0
0
0
0
0
0
0
0
0
0
0
0
0
0
0
0
0
0
0
0
0
0
0
0
0
0
0
0
0
0
0
0
0
0
0
0
0
0
0
0
0
0
0
0
0
0
0
0
0
0
0
0
0
0
0
0
0
0
0
0
0
0
0
0
0
0
0
0
0
0
0
0
0
0
0
0
0
0
0
0
0
0
0
0
0
0
0
0
0
0
0
0
0
0
0
0
0
0
0
0
0
0
0
0
0
0
0
0
0
0
0
0
0
0
0
0
0
0
0
0
0
0
0
0
0
0
0
0
0
0
0
0
0
0
0
0
0
0
0
0
0
0
0
0
0
0
0
0
0
0
0
0
0
0
0
0
0
0
0
0
0
0
0
0
0
0
0
0
0
0
0
0
0
0
0
0
0
0
0
0
0
0
0
0
0
0
0
0
0
0
0
0
0
0
0
0
0
0
0
0
0
0
0
0
0
0
0
0
0
0
0
0
0
0
0
0
0
0
0
0
0
0
0
0
0
0
0
0
0
0
0
0
0
0
0
0
0
0
0
0
0
0
0
0
0
0
0
0
0
0
0
0
0
0
0
0
0
0
0
0
0
0
0
0
0
0
0
0
0
0
0
0
0
0
0
0
0
0
0
0
0
0
0
0
0
0
0
0
0
0
0
0
0
0
0
0
0
0
0
0
0
0
0
0
0
0
0
0
0
0
0
0
0
0
0
0
0
0
0
0
0
0
0
0
0
0
0
0
0
0
0
0
0
0
0
0
0
0
0
0
0
0
0
0
0
0
0
0
0
0
0
0
0
0
0
0
0
0
0
1.4822e-323
1.78837e-319
2.46505e-315
3.19195e-311
3.88278e-307
4.43697e-303
4.76307e-299
4.80335e-295
4.5505e-291
4.04977e-287
3.38578e-283
2.65916e-279
1.96194e-275
1.35983e-271
8.85405e-268
5.41571e-264
3.11191e-260
1.67979e-256
8.51804e-253
4.05772e-249
1.81586e-245
7.63377e-242
3.01476e-238
1.11847e-234
3.89812e-231
1.27627e-227
3.92542e-224
1.1342e-220
3.07857e-217
7.84995e-214
1.88037e-210
4.23133e-207
8.94476e-204
1.77631e-200
3.31381e-197
5.80757e-194
9.56137e-191
1.47878e-187
2.14856e-184
2.93257e-181
3.76019e-178
4.52929e-175
5.12519e-172
5.44815e-169
5.44062e-166
5.10396e-163
4.49807e-160
3.72397e-157
2.89632e-154
2.11616e-151
1.45248e-148
9.36558e-146
5.6731e-143
3.22826e-140
1.72576e-137
8.66669e-135
4.08875e-132
1.81214e-129
7.54496e-127
2.95112e-124
1.08438e-121
3.7432e-119
1.21387e-116
3.69799e-114
1.05835e-111
2.84551e-109
7.18721e-107
1.70542e-104
3.80165e-102
7.96134e-100
1.56629e-97
2.8949e-95
5.02653e-93
8.19937e-91
1.25652e-88
1.809e-86
2.44674e-84
3.10899e-82
3.71137e-80
4.16231e-78
4.38553e-76
4.34109e-74
4.03708e-72
3.5272e-70
2.89526e-68
2.23278e-66
1.61773e-64
1.10121e-62
7.04272e-61
4.23178e-59
2.38903e-57
1.26718e-55
6.31505e-54
2.95695e-52
1.3009e-50
5.37748e-49
2.08861e-47
7.62228e-46
2.61377e-44
8.4219e-43
2.54989e-41
7.25454e-40
1.93947e-38
4.87247e-37
1.15032e-35
2.55211e-34
5.32117e-33
1.04268e-31
1.92018e-30
3.32351e-29
5.40667e-28
8.26718e-27
1.18822e-25
1.60534e-24
2.03886e-23
2.43435e-22
2.7326e-21
2.88399e-20
2.86198e-19
2.67069e-18
2.34369e-17
1.93435e-16
1.50165e-15
1.0966e-14
7.53393e-14
4.87019e-13
2.96266e-12
1.69628e-11
9.14259e-11
4.63958e-10
2.21728e-09
9.98158e-09
4.23383e-08
1.6926e-07
6.37991e-07
2.26821e-06
7.60953e-06
2.41025e-05
7.21199e-05
0.000204004
0.000545959
0.00138366
0.00332449
0.00758235
0.0164407
0.0339494
0.066898
0.126084
0.227869
0.396012
0.663787
1.07641
1.69386
2.59401
3.87598
5.66325
8.10611
11.3826
15.6973
21.2776
28.3665
37.2113
48.0479
61.0823
76.4698
94.296
114.565
137.192
162.016
188.803
217.27
247.087
277.889
309.26
340.731
371.777
401.827
430.301
456.665
480.482
501.465
519.495
534.615
546.993
556.884
564.588
570.424
574.716
577.78
579.912
581.369
582.342
582.942
583.193
583.041
582.383
581.082
578.979
575.883
571.559
565.725
558.061
548.262
536.101
521.489
504.5
485.369
464.428
442.043
418.547
394.208
369.224
343.757
317.969
292.049
266.223
240.742
215.862
191.816
168.811
147.022
126.609
107.732
90.5531
75.2449
61.9764
50.9002
42.1363
35.7575
31.781
30.1638
30.8054
33.5531
38.209
44.537
52.2677
61.1049
70.7334
80.8337
91.1021
101.273
111.136
120.547
129.416
137.691
145.335
152.303
158.538
163.982
168.587
172.342
175.286
177.506
179.126
180.284
181.105
181.68
182.056
182.247
182.239
182.016
181.571
180.908
180.041
178.977
177.706
176.185
174.339
172.065
169.244
165.751
161.474
156.326
150.258
143.266
135.402
126.769
117.522
107.849
97.9581
88.0539
78.3204
68.9099
59.9397
51.4955
43.6398
36.4204
29.8767
24.0415
18.9385
14.5766
10.9447
8.00829
5.71069
3.97892
2.73234
1.89278
1.39409
1.1901
1.2607
1.61673
2.30421
3.40923
5.06379
7.45264
10.8193
15.4679
21.756
30.0737
40.8067
54.2842
70.719
90.1482
112.387
137.001
163.305
190.385
217.133
242.312
264.619
282.782
295.659
302.35
302.305
295.397
281.962
262.778
238.996
212.024
183.388
154.579
126.926
101.487
78.9923
59.8326
44.0887
31.5928
22.0049
14.8898
9.78239
6.23662
3.85689
2.31364
1.34724
0.76388
0.426891
0.246862
0.172989
0.187873
0.307327
0.586062
1.12923
2.10846
3.77923
6.49471
10.7095
16.9664
25.8606
37.9789
53.8151
73.6708
97.5533
125.09
155.48
187.499
219.57
249.901
276.659
298.174
313.106
320.579
320.241
312.263
297.287
276.334
250.705
221.869
191.352
160.638
131.07
103.768
79.5634
58.9627
42.1453
28.9944
19.1587
12.135
7.35372
4.25604
2.34873
1.23411
0.616594
0.292589
0.131728
0.0562161
0.0227224
0.00869253
0.00314531
0.00107588
0.000347719
0.000106138
3.05861e-05
8.31826e-06
2.13434e-06
5.16533e-07
1.17876e-07
2.53597e-08
5.14246e-09
9.82702e-10
1.76939e-10
3.00128e-11
4.79523e-12
7.21564e-13
1.02247e-13
1.36421e-14
1.71366e-15
2.02644e-16
2.25565e-17
2.36318e-18
2.33008e-19
2.16203e-20
1.8877e-21
1.55079e-22
1.19865e-23
8.71609e-25
5.96228e-26
3.83652e-27
2.32204e-28
1.32186e-29
7.07722e-31
3.56348e-32
1.68733e-33
7.51308e-35
3.14563e-36
1.23837e-37
4.58378e-39
1.59519e-40
5.21914e-42
1.60533e-43
4.64189e-45
1.26175e-46
3.22392e-48
7.74309e-50
1.74803e-51
3.70919e-53
7.39754e-55
1.38664e-56
2.44285e-58
4.04462e-60
6.29351e-62
9.20312e-64
1.26472e-65
1.63328e-67
1.98211e-69
2.2604e-71
2.42229e-73
2.43919e-75
2.308e-77
2.05205e-79
1.71435e-81
1.34574e-83
9.9259e-86
6.87892e-88
4.47926e-90
2.74047e-92
1.57533e-94
8.50824e-97
4.31746e-99
2.05841e-101
9.22037e-104
3.88038e-106
1.53428e-108
5.69954e-111
1.98918e-113
6.52239e-116
2.00925e-118
5.81507e-121
1.58113e-123
4.03893e-126
9.6929e-129
2.18538e-131
4.62894e-134
9.21126e-137
1.72201e-139
3.02436e-142
4.99008e-145
7.73495e-148
1.12638e-150
1.54093e-153
1.98041e-156
2.39111e-159
2.71216e-162
2.89002e-165
2.89305e-168
2.72069e-171
2.40365e-174
1.99494e-177
1.55544e-180
1.13932e-183
7.83975e-187
5.06785e-190
3.07758e-193
1.75573e-196
9.40962e-200
4.73749e-203
2.24072e-206
9.95607e-210
4.15577e-213
1.62958e-216
6.00291e-220
2.07735e-223
6.75331e-227
2.06246e-230
5.91716e-234
